
       AA       AU       AG       AC       UA       UU       UG       UC       GA       GU       GG       GC       CA       CU       CG       CC
 AA  2.9e-01  2.4e-03  1.7e-02  2.0e-02  9.7e-03  2.4e-03  5.7e-03  1.8e-02  3.8e-02  5.8e-03  7.9e-02  1.3e-03  7.4e-03  3.0e-03  1.5e-03  2.1e-03 
 AU  3.6e-02  4.2e-01  2.3e-02  8.3e-02  7.7e-02  6.2e-02  4.1e-02  8.6e-02  1.8e-02  7.6e-02  5.5e-02  8.9e-02  4.4e-02  1.1e-01  5.8e-02  1.4e-01 
 AG  4.5e-02  4.1e-03  6.1e-01  5.9e-02  7.8e-03  2.2e-03  1.4e-02  6.4e-02  2.5e-02  7.2e-03  4.6e-02  3.7e-03  5.0e-03  7.5e-03  6.2e-03  1.1e-02 
 AC  1.8e-02  5.3e-03  2.2e-02  4.6e-01  1.3e-03  3.0e-03  1.3e-03  2.1e-02  2.2e-03  8.9e-03  1.4e-02  3.6e-03  2.7e-03  7.2e-03  1.1e-03  3.2e-02 

 UA  1.9e-01  1.0e-01  5.9e-02  2.7e-02  5.3e-01  9.6e-02  1.1e-01  1.3e-01  4.2e-02  5.3e-02  8.0e-02  4.9e-02  1.8e-01  9.4e-02  1.0e-01  4.0e-02 
 UU  4.7e-03  8.4e-03  1.7e-03  6.5e-03  9.7e-03  4.0e-01  1.2e-02  3.6e-02  2.6e-03  1.1e-02  2.2e-02  5.3e-03  7.9e-03  4.0e-02  8.5e-03  2.3e-01 
 UG  4.7e-02  2.3e-02  4.7e-02  1.2e-02  4.7e-02  5.0e-02  5.3e-01  8.3e-02  2.1e-02  2.1e-02  5.6e-02  1.9e-02  8.5e-02  9.9e-02  3.5e-02  1.4e-02 
 UC  6.5e-03  2.1e-03  9.1e-03  8.1e-03  2.4e-03  6.6e-03  3.7e-03  7.4e-02  2.0e-03  4.0e-03  2.1e-03  1.6e-03  4.5e-03  2.8e-02  1.4e-03  7.0e-03 

 GA  1.2e-01  3.8e-03  3.0e-02  7.1e-03  6.6e-03  3.9e-03  7.6e-03  1.7e-02  6.5e-01  1.1e-02  3.9e-02  9.6e-03  1.5e-02  1.3e-02  2.0e-03  3.5e-03 
 GU  5.6e-02  5.0e-02  2.7e-02  9.2e-02  2.6e-02  5.1e-02  2.4e-02  1.1e-01  3.5e-02  5.8e-01  4.2e-02  3.9e-02  1.3e-02  4.2e-02  1.6e-02  2.0e-02 
 GG  8.2e-02  3.8e-03  1.8e-02  1.5e-02  4.3e-03  1.1e-02  7.0e-03  6.0e-03  1.3e-02  4.5e-03  2.5e-01  3.1e-03  3.4e-03  4.1e-03  6.1e-03  4.7e-03 
 GC  5.1e-02  2.4e-01  5.7e-02  1.5e-01  9.9e-02  1.1e-01  9.1e-02  1.8e-01  1.2e-01  1.6e-01  1.2e-01  6.7e-01  5.4e-02  2.4e-01  1.2e-01  1.3e-01 

 CA  5.8e-03  2.3e-03  1.5e-03  2.3e-03  7.2e-03  3.1e-03  8.1e-03  9.7e-03  3.9e-03  1.0e-03  2.6e-03  1.1e-03  2.7e-01  2.4e-02  7.3e-03  3.4e-03 
 CU  1.7e-03  4.4e-03  1.7e-03  4.4e-03  2.8e-03  1.2e-02  6.9e-03  4.5e-02  2.5e-03  2.5e-03  2.3e-03  3.6e-03  1.8e-02  1.4e-01  2.4e-03  1.5e-02 
 CG  4.7e-02  1.2e-01  7.6e-02  3.9e-02  1.7e-01  1.4e-01  1.3e-01  1.2e-01  2.1e-02  5.4e-02  1.9e-01  9.6e-02  2.9e-01  1.3e-01  6.3e-01  1.1e-01 
 CC  9.6e-04  4.6e-03  2.0e-03  1.6e-02  9.7e-04  5.4e-02  7.9e-04  9.0e-03  5.3e-04  9.7e-04  2.1e-03  1.5e-03  2.0e-03  1.2e-02  1.6e-03  2.4e-01 



       A        U        G        C 
 A  8.5e-01  8.9e-02  1.1e-01  1.1e-01 
 U  5.2e-02  7.3e-01  8.4e-02  1.6e-01 
 G  6.4e-02  8.4e-02  7.7e-01  5.7e-02 
 C  3.8e-02  9.9e-02  3.5e-02  6.8e-01 

